TITLE = "Cavity Iterative Residual History"
variables="Iteration""Time(s)""Res1""Res2""Res3"
1 6.103516e-05 1.461641e+01 9.340018e+02 9.748343e+02
10 6.103516e-04 3.370326e+01 1.629311e+02 1.778634e+02
20 1.220703e-03 3.333538e+01 9.986121e+01 1.116527e+02
30 1.831055e-03 3.135522e+01 7.663148e+01 8.709420e+01
40 2.441406e-03 2.941640e+01 6.424607e+01 7.391933e+01
50 3.051758e-03 2.771094e+01 5.648965e+01 6.562726e+01
60 3.662109e-03 2.626408e+01 5.117977e+01 5.993751e+01
70 4.272461e-03 2.505295e+01 4.730568e+01 5.579781e+01
80 4.882813e-03 2.404469e+01 4.431386e+01 5.263214e+01
90 5.493164e-03 2.320519e+01 4.187687e+01 5.009612e+01
100 6.103516e-03 2.249709e+01 3.979559e+01 4.797451e+01
110 6.713867e-03 2.188334e+01 3.794741e+01 4.612869e+01
120 7.324219e-03 2.138635e+01 3.625565e+01 4.446593e+01
130 7.934570e-03 2.143989e+01 3.467060e+01 4.292030e+01
140 8.544922e-03 2.191928e+01 3.315700e+01 4.143939e+01
150 9.155273e-03 2.274407e+01 3.168588e+01 3.997567e+01
160 9.765625e-03 2.360313e+01 3.023025e+01 3.848272e+01
170 1.037598e-02 2.401244e+01 2.876354e+01 3.691449e+01
180 1.098633e-02 2.349901e+01 2.726016e+01 3.522687e+01
190 1.159668e-02 2.179891e+01 2.569771e+01 3.338121e+01
200 1.220703e-02 1.898403e+01 2.406044e+01 3.134912e+01
210 1.281738e-02 1.552852e+01 2.234326e+01 2.911787e+01
220 1.342773e-02 1.242418e+01 2.055516e+01 2.669517e+01
230 1.403809e-02 1.123888e+01 1.872100e+01 2.411213e+01
240 1.464844e-02 1.288042e+01 1.688074e+01 2.142355e+01
250 1.525879e-02 1.630983e+01 1.508564e+01 1.870507e+01
260 1.586914e-02 2.022301e+01 1.339172e+01 1.604794e+01
270 1.647949e-02 2.393039e+01 1.185137e+01 1.355209e+01
280 1.708984e-02 2.711421e+01 1.050435e+01 1.131844e+01
290 1.770020e-02 2.962573e+01 9.370160e+00 9.439881e+00
300 1.831055e-02 3.139815e+01 8.444149e+00 7.987616e+00
310 1.892090e-02 3.241043e+01 7.699650e+00 6.988921e+00
320 1.953125e-02 3.267269e+01 7.096074e+00 6.404308e+00
330 2.014160e-02 3.222181e+01 6.589832e+00 6.130890e+00
340 2.075195e-02 3.112123e+01 6.143509e+00 6.043017e+00
350 2.136230e-02 2.946139e+01 5.730637e+00 6.036726e+00
360 2.197266e-02 2.735885e+01 5.336264e+00 6.047125e+00
370 2.258301e-02 2.495321e+01 4.955059e+00 6.043277e+00
380 2.319336e-02 2.240222e+01 4.588650e+00 6.016415e+00
390 2.380371e-02 1.987525e+01 4.243141e+00 5.969800e+00
400 2.441406e-02 1.754467e+01 3.927124e+00 5.911907e+00
410 2.502441e-02 1.557180e+01 3.650082e+00 5.852336e+00
420 2.563477e-02 1.408233e+01 3.420935e+00 5.799551e+00
430 2.624512e-02 1.313148e+01 3.246544e+00 5.759780e+00
440 2.685547e-02 1.267861e+01 3.130263e+00 5.736644e+00
450 2.746582e-02 1.260022e+01 3.070943e+00 5.731247e+00
460 2.807617e-02 1.273968e+01 3.062913e+00 5.742543e+00
470 2.868652e-02 1.295629e+01 3.097064e+00 5.767849e+00
480 2.929688e-02 1.314847e+01 3.162582e+00 5.803396e+00
490 2.990723e-02 1.325445e+01 3.248608e+00 5.844833e+00
500 3.051758e-02 1.324373e+01 3.345373e+00 5.887656e+00
510 3.112793e-02 1.310744e+01 3.444735e+00 5.927527e+00
520 3.173828e-02 1.285040e+01 3.540280e+00 5.960496e+00
530 3.234863e-02 1.248551e+01 3.627176e+00 5.983141e+00
540 3.295898e-02 1.202982e+01 3.701951e+00 5.992637e+00
550 3.356934e-02 1.150197e+01 3.762244e+00 5.986773e+00
560 3.417969e-02 1.092055e+01 3.806590e+00 5.963944e+00
570 3.479004e-02 1.030307e+01 3.834231e+00 5.923108e+00
580 3.540039e-02 9.665421e+00 3.844969e+00 5.863737e+00
590 3.601074e-02 9.021542e+00 3.839034e+00 5.785758e+00
600 3.662109e-02 8.383393e+00 3.816990e+00 5.689493e+00
610 3.723145e-02 7.760972e+00 3.779645e+00 5.575592e+00
620 3.784180e-02 7.162451e+00 3.727988e+00 5.444979e+00
630 3.845215e-02 6.594344e+00 3.663134e+00 5.298792e+00
640 3.906250e-02 6.061690e+00 3.586274e+00 5.138334e+00
650 3.967285e-02 5.568240e+00 3.498643e+00 4.965029e+00
660 4.028320e-02 5.116616e+00 3.401490e+00 4.780381e+00
670 4.089355e-02 4.708444e+00 3.296055e+00 4.585939e+00
680 4.150391e-02 4.344449e+00 3.183550e+00 4.383274e+00
690 4.211426e-02 4.024505e+00 3.065148e+00 4.173950e+00
700 4.272461e-02 3.747661e+00 2.941975e+00 3.959511e+00
710 4.333496e-02 3.512153e+00 2.815101e+00 3.741462e+00
720 4.394531e-02 3.315422e+00 2.685538e+00 3.521266e+00
730 4.455566e-02 3.154179e+00 2.554238e+00 3.300332e+00
740 4.516602e-02 3.024537e+00 2.422097e+00 3.080018e+00
750 4.577637e-02 2.922196e+00 2.289949e+00 2.861630e+00
760 4.638672e-02 2.842672e+00 2.158575e+00 2.646426e+00
770 4.699707e-02 2.781534e+00 2.028705e+00 2.435627e+00
780 4.760742e-02 2.734603e+00 1.901021e+00 2.230432e+00
790 4.821777e-02 2.698109e+00 1.776160e+00 2.032040e+00
800 4.882813e-02 2.668769e+00 1.654725e+00 1.841675e+00
810 4.943848e-02 2.643824e+00 1.537288e+00 1.660628e+00
820 5.004883e-02 2.621026e+00 1.424395e+00 1.490307e+00
830 5.065918e-02 2.598599e+00 1.316578e+00 1.332304e+00
840 5.126953e-02 2.575189e+00 1.214358e+00 1.188456e+00
850 5.187988e-02 2.549808e+00 1.118256e+00 1.060905e+00
860 5.249023e-02 2.521775e+00 1.028795e+00 9.520690e-01
870 5.310059e-02 2.490669e+00 9.465034e-01 8.644575e-01
880 5.371094e-02 2.456284e+00 8.719077e-01 8.001878e-01
890 5.432129e-02 2.418586e+00 8.055150e-01 7.602280e-01
900 5.493164e-02 2.377680e+00 7.477774e-01 7.436646e-01
910 5.554199e-02 2.333781e+00 6.990372e-01 7.475331e-01
920 5.615234e-02 2.287190e+00 6.594555e-01 7.674432e-01
930 5.676270e-02 2.238266e+00 6.289364e-01 7.986044e-01
940 5.737305e-02 2.187410e+00 6.070718e-01 8.366606e-01
950 5.798340e-02 2.135045e+00 5.931311e-01 8.780807e-01
960 5.859375e-02 2.081602e+00 5.861081e-01 9.202014e-01
970 5.920410e-02 2.027503e+00 5.848173e-01 9.611032e-01
980 5.981445e-02 1.973150e+00 5.880089e-01 9.994466e-01
990 6.042480e-02 1.918913e+00 5.944729e-01 1.034324e+00
1000 6.103516e-02 1.865122e+00 6.031128e-01 1.065143e+00
1010 6.164551e-02 1.812058e+00 6.129840e-01 1.091540e+00
1020 6.225586e-02 1.759949e+00 6.233046e-01 1.113321e+00
1030 6.286621e-02 1.708968e+00 6.334473e-01 1.130412e+00
1040 6.347656e-02 1.659229e+00 6.429221e-01 1.142830e+00
1050 6.408691e-02 1.610796e+00 6.513560e-01 1.150657e+00
1060 6.469727e-02 1.563677e+00 6.584726e-01 1.154025e+00
1070 6.530762e-02 1.517840e+00 6.640740e-01 1.153105e+00
1080 6.591797e-02 1.473214e+00 6.680257e-01 1.148091e+00
1090 6.652832e-02 1.429700e+00 6.702441e-01 1.139199e+00
1100 6.713867e-02 1.387182e+00 6.706861e-01 1.126657e+00
1110 6.774902e-02 1.345533e+00 6.693408e-01 1.110705e+00
1120 6.835938e-02 1.304626e+00 6.662235e-01 1.091586e+00
1130 6.896973e-02 1.264343e+00 6.613701e-01 1.069547e+00
1140 6.958008e-02 1.224581e+00 6.548332e-01 1.044837e+00
1150 7.019043e-02 1.185257e+00 6.466784e-01 1.017703e+00
1160 7.080078e-02 1.146315e+00 6.369824e-01 9.883902e-01
1170 7.141113e-02 1.107723e+00 6.258302e-01 9.571409e-01
1180 7.202148e-02 1.069483e+00 6.133132e-01 9.241925e-01
1190 7.263184e-02 1.031620e+00 5.995286e-01 8.897777e-01
1200 7.324219e-02 9.941911e-01 5.845773e-01 8.541235e-01
1210 7.385254e-02 9.572752e-01 5.685631e-01 8.174515e-01
1220 7.446289e-02 9.209737e-01 5.515923e-01 7.799766e-01
1230 7.507324e-02 8.854051e-01 5.337723e-01 7.419079e-01
1240 7.568359e-02 8.507004e-01 5.152113e-01 7.034480e-01
1250 7.629395e-02 8.169984e-01 4.960177e-01 6.647933e-01
1260 7.690430e-02 7.844400e-01 4.762997e-01 6.261343e-01
1270 7.751465e-02 7.531626e-01 4.561647e-01 5.876565e-01
1280 7.812500e-02 7.232947e-01 4.357191e-01 5.495402e-01
1290 7.873535e-02 6.949504e-01 4.150683e-01 5.119625e-01
1300 7.934570e-02 6.682240e-01 3.943160e-01 4.750980e-01
1310 7.995605e-02 6.431858e-01 3.735648e-01 4.391207e-01
1320 8.056641e-02 6.198779e-01 3.529154e-01 4.042071e-01
1330 8.117676e-02 5.983119e-01 3.324677e-01 3.705386e-01
1340 8.178711e-02 5.784675e-01 3.123200e-01 3.383063e-01
1350 8.239746e-02 5.602925e-01 2.925703e-01 3.077159e-01
1360 8.300781e-02 5.437048e-01 2.733161e-01 2.789943e-01
1370 8.361816e-02 5.285955e-01 2.546554e-01 2.523959e-01
1380 8.422852e-02 5.148335e-01 2.366874e-01 2.282083e-01
1390 8.483887e-02 5.022711e-01 2.195131e-01 2.067522e-01
1400 8.544922e-02 4.907502e-01 2.032362e-01 1.883704e-01
1410 8.605957e-02 4.801079e-01 1.879636e-01 1.733939e-01
1420 8.666992e-02 4.701824e-01 1.738048e-01 1.620806e-01
1430 8.728027e-02 4.608183e-01 1.608711e-01 1.545310e-01
1440 8.789063e-02 4.518700e-01 1.492712e-01 1.506138e-01
1450 8.850098e-02 4.432057e-01 1.391054e-01 1.499465e-01
1460 8.911133e-02 4.347086e-01 1.304559e-01 1.519524e-01
1470 8.972168e-02 4.262785e-01 1.233732e-01 1.559675e-01
1480 9.033203e-02 4.178322e-01 1.178627e-01 1.613438e-01
1490 9.094238e-02 4.093029e-01 1.138737e-01 1.675152e-01
1500 9.155273e-02 4.006399e-01 1.112954e-01 1.740226e-01
1510 9.216309e-02 3.918068e-01 1.099638e-01 1.805118e-01
1520 9.277344e-02 3.827810e-01 1.096767e-01 1.867186e-01
1530 9.338379e-02 3.735517e-01 1.102145e-01 1.924518e-01
1540 9.399414e-02 3.641183e-01 1.113588e-01 1.975768e-01
1550 9.460449e-02 3.544894e-01 1.129076e-01 2.020020e-01
1560 9.521484e-02 3.446810e-01 1.146838e-01 2.056693e-01
1570 9.582520e-02 3.347151e-01 1.165383e-01 2.085455e-01
1580 9.643555e-02 3.246188e-01 1.183502e-01 2.106167e-01
1590 9.704590e-02 3.144229e-01 1.200240e-01 2.118839e-01
1600 9.765625e-02 3.041610e-01 1.214865e-01 2.123597e-01
1610 9.826660e-02 2.938684e-01 1.226834e-01 2.120654e-01
1620 9.887695e-02 2.835816e-01 1.235759e-01 2.110292e-01
1630 9.948730e-02 2.733374e-01 1.241382e-01 2.092848e-01
1640 1.000977e-01 2.631725e-01 1.243545e-01 2.068697e-01
1650 1.007080e-01 2.531228e-01 1.242179e-01 2.038248e-01
1660 1.013184e-01 2.432229e-01 1.237280e-01 2.001929e-01
1670 1.019287e-01 2.335060e-01 1.228900e-01 1.960185e-01
1680 1.025391e-01 2.240033e-01 1.217134e-01 1.913472e-01
1690 1.031494e-01 2.147442e-01 1.202111e-01 1.862249e-01
1700 1.037598e-01 2.057555e-01 1.183991e-01 1.806978e-01
1710 1.043701e-01 1.970615e-01 1.162952e-01 1.748118e-01
1720 1.049805e-01 1.886838e-01 1.139190e-01 1.686124e-01
1730 1.055908e-01 1.806413e-01 1.112914e-01 1.621443e-01
1740 1.062012e-01 1.729498e-01 1.084341e-01 1.554514e-01
1750 1.068115e-01 1.656221e-01 1.053694e-01 1.485764e-01
1760 1.074219e-01 1.586677e-01 1.021198e-01 1.415609e-01
1770 1.080322e-01 1.520930e-01 9.870825e-02 1.344454e-01
1780 1.086426e-01 1.459008e-01 9.515744e-02 1.272690e-01
1790 1.092529e-01 1.400908e-01 9.148995e-02 1.200693e-01
1800 1.098633e-01 1.346592e-01 8.772806e-02 1.128830e-01
1810 1.104736e-01 1.295987e-01 8.389370e-02 1.057455e-01
1820 1.110840e-01 1.248992e-01 8.000832e-02 9.869107e-02
1830 1.116943e-01 1.205471e-01 7.609290e-02 9.175332e-02
1840 1.123047e-01 1.165263e-01 7.216792e-02 8.496526e-02
1850 1.129150e-01 1.128181e-01 6.825334e-02 7.835976e-02
1860 1.135254e-01 1.094019e-01 6.436863e-02 7.197011e-02
1870 1.141357e-01 1.062551e-01 6.053282e-02 6.583065e-02
1880 1.147461e-01 1.033542e-01 5.676458e-02 5.997768e-02
1890 1.153564e-01 1.006750e-01 5.308227e-02 5.445052e-02
1900 1.159668e-01 9.819286e-02 4.950414e-02 4.929273e-02
1910 1.165771e-01 9.588364e-02 4.604840e-02 4.455330e-02
1920 1.171875e-01 9.372370e-02 4.273344e-02 4.028741e-02
1930 1.177979e-01 9.169049e-02 3.957796e-02 3.655571e-02
1940 1.184082e-01 8.976275e-02 3.660114e-02 3.342074e-02
1950 1.190186e-01 8.792074e-02 3.382270e-02 3.093865e-02
1960 1.196289e-01 8.614644e-02 3.126279e-02 2.914572e-02
1970 1.202393e-01 8.442363e-02 2.894164e-02 2.804268e-02
1980 1.208496e-01 8.273792e-02 2.687869e-02 2.758449e-02
1990 1.214600e-01 8.107676e-02 2.509122e-02 2.768295e-02
2000 1.220703e-01 7.942940e-02 2.359224e-02 2.822220e-02
2010 1.226807e-01 7.778684e-02 2.238794e-02 2.907923e-02
2020 1.232910e-01 7.614170e-02 2.147522e-02 3.014033e-02
2030 1.239014e-01 7.448814e-02 2.084007e-02 3.130975e-02
2040 1.245117e-01 7.282176e-02 2.045755e-02 3.251170e-02
2050 1.251221e-01 7.113944e-02 2.029376e-02 3.368871e-02
2060 1.257324e-01 6.943926e-02 2.030920e-02 3.479850e-02
2070 1.263428e-01 6.772037e-02 2.046256e-02 3.581082e-02
2080 1.269531e-01 6.598285e-02 2.071409e-02 3.670465e-02
2090 1.275635e-01 6.422765e-02 2.102785e-02 3.746605e-02
2100 1.281738e-01 6.245645e-02 2.137291e-02 3.808640e-02
2110 1.287842e-01 6.067157e-02 2.172366e-02 3.856123e-02
2120 1.293945e-01 5.887589e-02 2.205953e-02 3.888917e-02
2130 1.300049e-01 5.707273e-02 2.236448e-02 3.907125e-02
2140 1.306152e-01 5.526582e-02 2.262634e-02 3.911039e-02
2150 1.312256e-01 5.345921e-02 2.283618e-02 3.901095e-02
2160 1.318359e-01 5.165719e-02 2.298775e-02 3.877839e-02
2170 1.324463e-01 4.986422e-02 2.307698e-02 3.841904e-02
2180 1.330566e-01 4.808490e-02 2.310156e-02 3.793990e-02
2190 1.336670e-01 4.632390e-02 2.306060e-02 3.734844e-02
2200 1.342773e-01 4.458590e-02 2.295440e-02 3.665250e-02
2210 1.348877e-01 4.287559e-02 2.278413e-02 3.586014e-02
2220 1.354980e-01 4.119753e-02 2.255176e-02 3.497960e-02
2230 1.361084e-01 3.955621e-02 2.225981e-02 3.401919e-02
2240 1.367188e-01 3.795594e-02 2.191130e-02 3.298721e-02
2250 1.373291e-01 3.640084e-02 2.150959e-02 3.189192e-02
2260 1.379395e-01 3.489478e-02 2.105834e-02 3.074151e-02
2270 1.385498e-01 3.344135e-02 2.056140e-02 2.954402e-02
2280 1.391602e-01 3.204380e-02 2.002278e-02 2.830732e-02
2290 1.397705e-01 3.070503e-02 1.944660e-02 2.703912e-02
2300 1.403809e-01 2.942749e-02 1.883701e-02 2.574690e-02
2310 1.409912e-01 2.821321e-02 1.819821e-02 2.443794e-02
2320 1.416016e-01 2.706368e-02 1.753437e-02 2.311930e-02
2330 1.422119e-01 2.597985e-02 1.684964e-02 2.179780e-02
2340 1.428223e-01 2.496210e-02 1.614812e-02 2.048006e-02
2350 1.434326e-01 2.401019e-02 1.543383e-02 1.917252e-02
2360 1.440430e-01 2.312327e-02 1.471072e-02 1.788143e-02
2370 1.446533e-01 2.229985e-02 1.398264e-02 1.661291e-02
2380 1.452637e-01 2.153782e-02 1.325338e-02 1.537304e-02
2390 1.458740e-01 2.083450e-02 1.252661e-02 1.416787e-02
2400 1.464844e-01 2.018668e-02 1.180592e-02 1.300359e-02
2410 1.470947e-01 1.959069e-02 1.109483e-02 1.188661e-02
2420 1.477051e-01 1.904246e-02 1.039680e-02 1.082374e-02
2430 1.483154e-01 1.853767e-02 9.715244e-03 9.822438e-03
2440 1.489258e-01 1.807181e-02 9.053545e-03 8.890957e-03
2450 1.495361e-01 1.764029e-02 8.415103e-03 8.038609e-03
2460 1.501465e-01 1.723853e-02 7.803355e-03 7.275828e-03
2470 1.507568e-01 1.686211e-02 7.221807e-03 6.613942e-03
2480 1.513672e-01 1.650676e-02 6.674066e-03 6.064336e-03
2490 1.519775e-01 1.616849e-02 6.163843e-03 5.636693e-03
2500 1.525879e-01 1.584362e-02 5.694935e-03 5.336365e-03
2510 1.531982e-01 1.552882e-02 5.271143e-03 5.161609e-03
2520 1.538086e-01 1.522112e-02 4.896097e-03 5.102186e-03
2530 1.544189e-01 1.491794e-02 4.572971e-03 5.140451e-03
2540 1.550293e-01 1.461706e-02 4.304066e-03 5.254550e-03
2550 1.556396e-01 1.431664e-02 4.090315e-03 5.422103e-03
2560 1.562500e-01 1.401517e-02 3.930820e-03 5.622907e-03
2570 1.568604e-01 1.371150e-02 3.822583e-03 5.840201e-03
2580 1.574707e-01 1.340474e-02 3.760575e-03 6.060851e-03
2590 1.580811e-01 1.309432e-02 3.738160e-03 6.274958e-03
2600 1.586914e-01 1.277990e-02 3.747777e-03 6.475276e-03
2610 1.593018e-01 1.246137e-02 3.781663e-03 6.656643e-03
2620 1.599121e-01 1.213880e-02 3.832451e-03 6.815505e-03
2630 1.605225e-01 1.181247e-02 3.893565e-03 6.949526e-03
2640 1.611328e-01 1.148276e-02 3.959404e-03 7.057303e-03
2650 1.617432e-01 1.115023e-02 4.025369e-03 7.138146e-03
2660 1.623535e-01 1.081549e-02 4.087799e-03 7.191908e-03
2670 1.629639e-01 1.047927e-02 4.143861e-03 7.218866e-03
2680 1.635742e-01 1.014238e-02 4.191426e-03 7.219621e-03
2690 1.641846e-01 9.805636e-03 4.228950e-03 7.195028e-03
2700 1.647949e-01 9.469936e-03 4.255367e-03 7.146136e-03
2710 1.654053e-01 9.136183e-03 4.270004e-03 7.074146e-03
2720 1.660156e-01 8.805297e-03 4.272502e-03 6.980372e-03
2730 1.666260e-01 8.478198e-03 4.262756e-03 6.866213e-03
2740 1.672363e-01 8.155801e-03 4.240866e-03 6.733129e-03
2750 1.678467e-01 7.839001e-03 4.207098e-03 6.582620e-03
2760 1.684570e-01 7.528672e-03 4.161846e-03 6.416213e-03
2770 1.690674e-01 7.225651e-03 4.105611e-03 6.235442e-03
2780 1.696777e-01 6.930735e-03 4.038975e-03 6.041843e-03
2790 1.702881e-01 6.644676e-03 3.962584e-03 5.836940e-03
2800 1.708984e-01 6.368169e-03 3.877130e-03 5.622238e-03
2810 1.715088e-01 6.101846e-03 3.783345e-03 5.399216e-03
2820 1.721191e-01 5.846270e-03 3.681982e-03 5.169322e-03
2830 1.727295e-01 5.601931e-03 3.573811e-03 4.933969e-03
2840 1.733398e-01 5.369230e-03 3.459611e-03 4.694530e-03
2850 1.739502e-01 5.148480e-03 3.340163e-03 4.452339e-03
2860 1.745605e-01 4.939897e-03 3.216244e-03 4.208687e-03
2870 1.751709e-01 4.743591e-03 3.088624e-03 3.964825e-03
2880 1.757813e-01 4.559565e-03 2.958063e-03 3.721965e-03
2890 1.763916e-01 4.387708e-03 2.825305e-03 3.481285e-03
2900 1.770020e-01 4.227799e-03 2.691081e-03 3.243931e-03
2910 1.776123e-01 4.079501e-03 2.556104e-03 3.011029e-03
2920 1.782227e-01 3.942371e-03 2.421070e-03 2.783695e-03
2930 1.788330e-01 3.815867e-03 2.286657e-03 2.563051e-03
2940 1.794434e-01 3.699355e-03 2.153529e-03 2.350241e-03
2950 1.800537e-01 3.592129e-03 2.022335e-03 2.146464e-03
2960 1.806641e-01 3.493419e-03 1.893713e-03 1.952997e-03
2970 1.812744e-01 3.402415e-03 1.768293e-03 1.771243e-03
2980 1.818848e-01 3.318285e-03 1.646703e-03 1.602767e-03
2990 1.824951e-01 3.240189e-03 1.529572e-03 1.449330e-03
3000 1.831055e-01 3.167299e-03 1.417541e-03 1.312897e-03
3010 1.837158e-01 3.098816e-03 1.311260e-03 1.195571e-03
3020 1.843262e-01 3.033979e-03 1.211404e-03 1.099404e-03
3030 1.849365e-01 2.972079e-03 1.118662e-03 1.026030e-03
3040 1.855469e-01 2.912466e-03 1.033741e-03 9.761608e-04
3050 1.861572e-01 2.854555e-03 9.573402e-04 9.491104e-04
3060 1.867676e-01 2.797825e-03 8.901193e-04 9.426372e-04
3070 1.873779e-01 2.741826e-03 8.326363e-04 9.532524e-04
3080 1.879883e-01 2.686174e-03 7.852671e-04 9.768575e-04
3090 1.885986e-01 2.630551e-03 7.481123e-04 1.009396e-03
3100 1.892090e-01 2.574700e-03 7.209165e-04 1.047285e-03
3110 1.898193e-01 2.518422e-03 7.030310e-04 1.087598e-03
3120 1.904297e-01 2.461571e-03 6.934431e-04 1.128065e-03
3130 1.910400e-01 2.404051e-03 6.908692e-04 1.166983e-03
3140 1.916504e-01 2.345810e-03 6.938861e-04 1.203116e-03
3150 1.922607e-01 2.286835e-03 7.010629e-04 1.235588e-03
3160 1.928711e-01 2.227145e-03 7.110638e-04 1.263800e-03
3170 1.934814e-01 2.166794e-03 7.227113e-04 1.287365e-03
3180 1.940918e-01 2.105859e-03 7.350120e-04 1.306058e-03
3190 1.947021e-01 2.044439e-03 7.471574e-04 1.319776e-03
3200 1.953125e-01 1.982653e-03 7.585080e-04 1.328512e-03
3210 1.959229e-01 1.920633e-03 7.685729e-04 1.332330e-03
3220 1.965332e-01 1.858526e-03 7.769857e-04 1.331353e-03
3230 1.971436e-01 1.796485e-03 7.834836e-04 1.325748e-03
3240 1.977539e-01 1.734672e-03 7.878885e-04 1.315713e-03
3250 1.983643e-01 1.673252e-03 7.900909e-04 1.301476e-03
3260 1.989746e-01 1.612394e-03 7.900366e-04 1.283283e-03
3270 1.995850e-01 1.552265e-03 7.877164e-04 1.261393e-03
3280 2.001953e-01 1.493033e-03 7.831568e-04 1.236077e-03
3290 2.008057e-01 1.434859e-03 7.764132e-04 1.207614e-03
3300 2.014160e-01 1.377904e-03 7.675640e-04 1.176284e-03
3310 2.020264e-01 1.322320e-03 7.567057e-04 1.142372e-03
3320 2.026367e-01 1.268253e-03 7.439493e-04 1.106158e-03
3330 2.032471e-01 1.215838e-03 7.294166e-04 1.067925e-03
3340 2.038574e-01 1.165203e-03 7.132377e-04 1.027946e-03
3350 2.044678e-01 1.116461e-03 6.955490e-04 9.864954e-04
3360 2.050781e-01 1.069716e-03 6.764910e-04 9.438371e-04
3370 2.056885e-01 1.025054e-03 6.562065e-04 9.002301e-04
3380 2.062988e-01 9.825482e-04 6.348400e-04 8.559261e-04
3390 2.069092e-01 9.422530e-04 6.125357e-04 8.111691e-04
3400 2.075195e-01 9.042056e-04 5.894374e-04 7.661957e-04
3410 2.081299e-01 8.684234e-04 5.656869e-04 7.212349e-04
3420 2.087402e-01 8.349038e-04 5.414243e-04 6.765086e-04
3430 2.093506e-01 8.036232e-04 5.167866e-04 6.322327e-04
3440 2.099609e-01 7.745371e-04 4.919083e-04 5.886178e-04
3450 2.105713e-01 7.475800e-04 4.669204e-04 5.458710e-04
3460 2.111816e-01 7.226671e-04 4.419509e-04 5.041983e-04
3470 2.117920e-01 6.996949e-04 4.171248e-04 4.638072e-04
3480 2.124023e-01 6.785439e-04 3.925638e-04 4.249111e-04
3490 2.130127e-01 6.590809e-04 3.683877e-04 3.877337e-04
3500 2.136230e-01 6.411623e-04 3.447137e-04 3.525158e-04
3510 2.142334e-01 6.246373e-04 3.216584e-04 3.195226e-04
3520 2.148438e-01 6.093512e-04 2.993377e-04 2.890508e-04
3530 2.154541e-01 5.951491e-04 2.778684e-04 2.614345e-04
3540 2.160645e-01 5.818785e-04 2.573690e-04 2.370438e-04
3550 2.166748e-01 5.693927e-04 2.379611e-04 2.162686e-04
3560 2.172852e-01 5.575529e-04 2.197699e-04 1.994768e-04
3570 2.178955e-01 5.462297e-04 2.029241e-04 1.869392e-04
3580 2.185059e-01 5.353053e-04 1.875547e-04 1.787334e-04
3590 2.191162e-01 5.246736e-04 1.737906e-04 1.746663e-04
3600 2.197266e-01 5.142412e-04 1.617510e-04 1.742631e-04
3610 2.203369e-01 5.039272e-04 1.515336e-04 1.768429e-04
3620 2.209473e-01 4.936631e-04 1.431985e-04 1.816423e-04
3630 2.215576e-01 4.833925e-04 1.367512e-04 1.879278e-04
3640 2.221680e-01 4.730702e-04 1.321282e-04 1.950654e-04
3650 2.227783e-01 4.626616e-04 1.291934e-04 2.025437e-04
3660 2.233887e-01 4.521420e-04 1.277457e-04 2.099696e-04
3670 2.239990e-01 4.414952e-04 1.275389e-04 2.170508e-04
3680 2.246094e-01 4.307133e-04 1.283066e-04 2.235757e-04
3690 2.252197e-01 4.197954e-04 1.297861e-04 2.293958e-04
3700 2.258301e-01 4.087467e-04 1.317355e-04 2.344105e-04
3710 2.264404e-01 3.975780e-04 1.339442e-04 2.385559e-04
3720 2.270508e-01 3.863046e-04 1.362361e-04 2.417960e-04
3730 2.276611e-01 3.749460e-04 1.384689e-04 2.441165e-04
3740 2.282715e-01 3.635246e-04 1.405311e-04 2.455191e-04
3750 2.288818e-01 3.520657e-04 1.423373e-04 2.460187e-04
3760 2.294922e-01 3.405966e-04 1.438246e-04 2.456397e-04
3770 2.301025e-01 3.291463e-04 1.449484e-04 2.444144e-04
3780 2.307129e-01 3.177449e-04 1.456788e-04 2.423810e-04
3790 2.313232e-01 3.064230e-04 1.459983e-04 2.395820e-04
3800 2.319336e-01 2.952119e-04 1.458989e-04 2.360635e-04
3810 2.325439e-01 2.841425e-04 1.453807e-04 2.318741e-04
3820 2.331543e-01 2.732456e-04 1.444499e-04 2.270641e-04
3830 2.337646e-01 2.625512e-04 1.431180e-04 2.216850e-04
3840 2.343750e-01 2.520883e-04 1.414002e-04 2.157887e-04
3850 2.349854e-01 2.418851e-04 1.393151e-04 2.094276e-04
3860 2.355957e-01 2.319678e-04 1.368839e-04 2.026537e-04
3870 2.362061e-01 2.223614e-04 1.341294e-04 1.955185e-04
3880 2.368164e-01 2.130887e-04 1.310761e-04 1.880729e-04
3890 2.374268e-01 2.041703e-04 1.277493e-04 1.803667e-04
3900 2.380371e-01 1.956244e-04 1.241752e-04 1.724486e-04
3910 2.386475e-01 1.874666e-04 1.203804e-04 1.643661e-04
3920 2.392578e-01 1.797095e-04 1.163914e-04 1.561653e-04
3930 2.398682e-01 1.723624e-04 1.122351e-04 1.478909e-04
3940 2.404785e-01 1.654315e-04 1.079379e-04 1.395863e-04
3950 2.410889e-01 1.589190e-04 1.035260e-04 1.312934e-04
3960 2.416992e-01 1.528235e-04 9.902516e-05 1.230529e-04
3970 2.423096e-01 1.471398e-04 9.446059e-05 1.149045e-04
3980 2.429199e-01 1.418589e-04 8.985702e-05 1.068867e-04
3990 2.435303e-01 1.369677e-04 8.523855e-05 9.903776e-05
4000 2.441406e-01 1.324497e-04 8.062869e-05 9.139566e-05
4010 2.447510e-01 1.282853e-04 7.605039e-05 8.399888e-05
4020 2.453613e-01 1.244516e-04 7.152606e-05 7.688710e-05
4030 2.459717e-01 1.209237e-04 6.707770e-05 7.010224e-05
4040 2.465820e-01 1.176747e-04 6.272694e-05 6.368959e-05
4050 2.471924e-01 1.146765e-04 5.849524e-05 5.769924e-05
4060 2.478027e-01 1.119006e-04 5.440404e-05 5.218739e-05
4070 2.484131e-01 1.093184e-04 5.047494e-05 4.721722e-05
4080 2.490234e-01 1.069020e-04 4.672994e-05 4.285817e-05
4090 2.496338e-01 1.046246e-04 4.319163e-05 3.918207e-05
4100 2.502441e-01 1.024609e-04 3.988326e-05 3.625410e-05
4110 2.508545e-01 1.003877e-04 3.682874e-05 3.411776e-05
4120 2.514648e-01 9.838351e-05 3.405222e-05 3.277714e-05
4130 2.520752e-01 9.642939e-05 3.157728e-05 3.218465e-05
4140 2.526855e-01 9.450859e-05 2.942527e-05 3.224266e-05
4150 2.532959e-01 9.260672e-05 2.761300e-05 3.282022e-05
4160 2.539063e-01 9.071164e-05 2.614961e-05 3.377622e-05
4170 2.545166e-01 8.881341e-05 2.503350e-05 3.497874e-05
4180 2.551270e-01 8.690413e-05 2.425002e-05 3.631569e-05
4190 2.557373e-01 8.497785e-05 2.377116e-05 3.769777e-05
4200 2.563477e-01 8.303035e-05 2.355761e-05 3.905687e-05
4210 2.569580e-01 8.105901e-05 2.356266e-05 4.034266e-05
4220 2.575684e-01 7.906267e-05 2.373690e-05 4.151894e-05
4230 2.581787e-01 7.704140e-05 2.403240e-05 4.256044e-05
4240 2.587891e-01 7.499643e-05 2.440564e-05 4.345027e-05
4250 2.593994e-01 7.292992e-05 2.481910e-05 4.417788e-05
4260 2.600098e-01 7.084489e-05 2.524164e-05 4.473760e-05
4270 2.606201e-01 6.874505e-05 2.564829e-05 4.512749e-05
4280 2.612305e-01 6.663466e-05 2.601956e-05 4.534847e-05
4290 2.618408e-01 6.451848e-05 2.634070e-05 4.540369e-05
4300 2.624512e-01 6.240164e-05 2.660086e-05 4.529803e-05
4310 2.630615e-01 6.028951e-05 2.679245e-05 4.503769e-05
4320 2.636719e-01 5.818768e-05 2.691052e-05 4.462991e-05
4330 2.642822e-01 5.610186e-05 2.695224e-05 4.408272e-05
4340 2.648926e-01 5.403776e-05 2.691650e-05 4.340472e-05
4350 2.655029e-01 5.200113e-05 2.680359e-05 4.260497e-05
4360 2.661133e-01 4.999760e-05 2.661488e-05 4.169279e-05
4370 2.667236e-01 4.803268e-05 2.635267e-05 4.067771e-05
4380 2.673340e-01 4.611170e-05 2.601994e-05 3.956936e-05
4390 2.679443e-01 4.423977e-05 2.562021e-05 3.837737e-05
4400 2.685547e-01 4.242170e-05 2.515749e-05 3.711133e-05
4410 2.691650e-01 4.066200e-05 2.463606e-05 3.578073e-05
4420 2.697754e-01 3.896480e-05 2.406048e-05 3.439491e-05
4430 2.703857e-01 3.733382e-05 2.343548e-05 3.296302e-05
4440 2.709961e-01 3.577231e-05 2.276592e-05 3.149401e-05
4450 2.716064e-01 3.428302e-05 2.205669e-05 2.999658e-05
4460 2.722168e-01 3.286816e-05 2.131274e-05 2.847919e-05
4470 2.728271e-01 3.152931e-05 2.053899e-05 2.695003e-05
4480 2.734375e-01 3.026745e-05 1.974033e-05 2.541704e-05
4490 2.740479e-01 2.908284e-05 1.892156e-05 2.388791e-05
4500 2.746582e-01 2.797508e-05 1.808744e-05 2.237012e-05
4510 2.752686e-01 2.694304e-05 1.724260e-05 2.087092e-05
4520 2.758789e-01 2.598486e-05 1.639158e-05 1.939743e-05
4530 2.764893e-01 2.509802e-05 1.553882e-05 1.795668e-05
4540 2.770996e-01 2.427931e-05 1.468862e-05 1.655569e-05
4550 2.777100e-01 2.352496e-05 1.384521e-05 1.520160e-05
4560 2.783203e-01 2.283066e-05 1.301271e-05 1.390183e-05
4570 2.789307e-01 2.219171e-05 1.219518e-05 1.266423e-05
4580 2.795410e-01 2.160309e-05 1.139659e-05 1.149734e-05
4590 2.801514e-01 2.105958e-05 1.062091e-05 1.041065e-05
4600 2.807617e-01 2.055589e-05 9.872123e-06 9.414834e-06
4610 2.813721e-01 2.008678e-05 9.154226e-06 8.521843e-06
4620 2.819824e-01 1.964711e-05 8.471313e-06 7.744701e-06
4630 2.825928e-01 1.923202e-05 7.827593e-06 7.096590e-06
4640 2.832031e-01 1.883690e-05 7.227401e-06 6.588918e-06
4650 2.838135e-01 1.845753e-05 6.675180e-06 6.228351e-06
4660 2.844238e-01 1.809006e-05 6.175396e-06 6.013602e-06
4670 2.850342e-01 1.773107e-05 5.732343e-06 5.933634e-06
4680 2.856445e-01 1.737759e-05 5.349819e-06 5.968667e-06
4690 2.862549e-01 1.702703e-05 5.030649e-06 6.093708e-06
4700 2.868652e-01 1.667726e-05 4.776097e-06 6.282823e-06
4710 2.874756e-01 1.632653e-05 4.585313e-06 6.512368e-06
4720 2.880859e-01 1.597346e-05 4.454981e-06 6.762598e-06
4730 2.886963e-01 1.561704e-05 4.379367e-06 7.017962e-06
4740 2.893066e-01 1.525654e-05 4.350792e-06 7.266693e-06
4750 2.899170e-01 1.489156e-05 4.360422e-06 7.500151e-06
4760 2.905273e-01 1.452193e-05 4.399124e-06 7.712162e-06
4770 2.911377e-01 1.414772e-05 4.458195e-06 7.898451e-06
4780 2.917480e-01 1.376920e-05 4.529844e-06 8.056195e-06
4790 2.923584e-01 1.338679e-05 4.607417e-06 8.183674e-06
4800 2.929688e-01 1.300111e-05 4.685446e-06 8.280015e-06
4810 2.935791e-01 1.261284e-05 4.759572e-06 8.344992e-06
4820 2.941895e-01 1.222280e-05 4.826421e-06 8.378879e-06
4830 2.947998e-01 1.183190e-05 4.883451e-06 8.382338e-06
4840 2.954102e-01 1.144108e-05 4.928816e-06 8.356330e-06
4850 2.960205e-01 1.105135e-05 4.961241e-06 8.302048e-06
4860 2.966309e-01 1.066375e-05 4.979911e-06 8.220866e-06
4870 2.972412e-01 1.027933e-05 4.984388e-06 8.114292e-06
4880 2.978516e-01 9.899157e-06 4.974534e-06 7.983937e-06
4890 2.984619e-01 9.524279e-06 4.950454e-06 7.831485e-06
4900 2.990723e-01 9.155733e-06 4.912447e-06 7.658668e-06
4910 2.996826e-01 8.794534e-06 4.860968e-06 7.467252e-06
4920 3.002930e-01 8.441654e-06 4.796595e-06 7.259013e-06
4930 3.009033e-01 8.098025e-06 4.720003e-06 7.035731e-06
4940 3.015137e-01 7.764526e-06 4.631944e-06 6.799172e-06
4950 3.021240e-01 7.441970e-06 4.533223e-06 6.551082e-06
4960 3.027344e-01 7.131108e-06 4.424692e-06 6.293179e-06
4970 3.033447e-01 6.832604e-06 4.307230e-06 6.027145e-06
4980 3.039551e-01 6.547042e-06 4.181736e-06 5.754620e-06
4990 3.045654e-01 6.274908e-06 4.049119e-06 5.477201e-06
5000 3.051758e-01 6.016581e-06 3.910290e-06 5.196440e-06
5010 3.057861e-01 5.772333e-06 3.766156e-06 4.913837e-06
5020 3.063965e-01 5.542316e-06 3.617619e-06 4.630850e-06
5030 3.070068e-01 5.326551e-06 3.465563e-06 4.348887e-06
5040 3.076172e-01 5.124936e-06 3.310860e-06 4.069318e-06
5050 3.082275e-01 4.937233e-06 3.154363e-06 3.793477e-06
5060 3.088379e-01 4.763072e-06 2.996903e-06 3.522672e-06
5070 3.094482e-01 4.601961e-06 2.839294e-06 3.258199e-06
5080 3.100586e-01 4.453286e-06 2.682328e-06 3.001357e-06
5090 3.106689e-01 4.316327e-06 2.526778e-06 2.753473e-06
5100 3.112793e-01 4.190274e-06 2.373401e-06 2.515928e-06
5110 3.118896e-01 4.074247e-06 2.222940e-06 2.290196e-06
5120 3.125000e-01 3.967307e-06 2.076126e-06 2.077888e-06
5130 3.131104e-01 3.868490e-06 1.933691e-06 1.880796e-06
5140 3.137207e-01 3.776819e-06 1.796363e-06 1.700942e-06
5150 3.143311e-01 3.691333e-06 1.664883e-06 1.540578e-06
5160 3.149414e-01 3.611093e-06 1.540007e-06 1.402132e-06
5170 3.155518e-01 3.535209e-06 1.422512e-06 1.287997e-06
5180 3.161621e-01 3.462849e-06 1.313200e-06 1.200136e-06
5190 3.167725e-01 3.393246e-06 1.212890e-06 1.139502e-06
5200 3.173828e-01 3.325708e-06 1.122403e-06 1.105475e-06
5210 3.179932e-01 3.259622e-06 1.042517e-06 1.095635e-06
5220 3.186035e-01 3.194453e-06 9.739087e-07 1.106059e-06
5230 3.192139e-01 3.129744e-06 9.170549e-07 1.132037e-06
5240 3.198242e-01 3.065116e-06 8.721277e-07 1.168840e-06
5250 3.204346e-01 3.000261e-06 8.388929e-07 1.212247e-06
5260 3.210449e-01 2.934940e-06 8.166574e-07 1.258788e-06
5270 3.216553e-01 2.868977e-06 8.042909e-07 1.305752e-06
5280 3.222656e-01 2.802253e-06 8.003266e-07 1.351105e-06
5290 3.228760e-01 2.734700e-06 8.031121e-07 1.393361e-06
5300 3.234863e-01 2.666300e-06 8.109668e-07 1.431464e-06
5310 3.240967e-01 2.597071e-06 8.223087e-07 1.464690e-06
5320 3.247070e-01 2.527072e-06 8.357348e-07 1.492565e-06
5330 3.253174e-01 2.456389e-06 8.500564e-07 1.514811e-06
5340 3.259277e-01 2.385135e-06 8.643026e-07 1.531293e-06
5350 3.265381e-01 2.313445e-06 8.777039e-07 1.541993e-06
5360 3.271484e-01 2.241474e-06 8.896675e-07 1.546979e-06
5370 3.277588e-01 2.169390e-06 8.997501e-07 1.546384e-06
5380 3.283691e-01 2.097370e-06 9.076322e-07 1.540397e-06
5390 3.289795e-01 2.025603e-06 9.130957e-07 1.529246e-06
5400 3.295898e-01 1.954279e-06 9.160048e-07 1.513191e-06
5410 3.302002e-01 1.883596e-06 9.162897e-07 1.492514e-06
5420 3.308105e-01 1.813746e-06 9.139346e-07 1.467515e-06
5430 3.314209e-01 1.744925e-06 9.089666e-07 1.438509e-06
5440 3.320313e-01 1.677324e-06 9.014469e-07 1.405817e-06
5450 3.326416e-01 1.611126e-06 8.914644e-07 1.369764e-06
5460 3.332520e-01 1.546511e-06 8.791299e-07 1.330679e-06
5470 3.338623e-01 1.483648e-06 8.645708e-07 1.288890e-06
5480 3.344727e-01 1.422698e-06 8.479285e-07 1.244723e-06
5490 3.350830e-01 1.363804e-06 8.293534e-07 1.198499e-06
5500 3.356934e-01 1.307104e-06 8.090042e-07 1.150533e-06
5510 3.363037e-01 1.252715e-06 7.870439e-07 1.101134e-06
5520 3.369141e-01 1.200742e-06 7.636391e-07 1.050603e-06
5530 3.375244e-01 1.151265e-06 7.389578e-07 9.992336e-07
5540 3.381348e-01 1.104354e-06 7.131684e-07 9.473094e-07
5550 3.387451e-01 1.060049e-06 6.864384e-07 8.951062e-07
5560 3.393555e-01 1.018374e-06 6.589336e-07 8.428905e-07
5570 3.399658e-01 9.793231e-07 6.308172e-07 7.909210e-07
5580 3.405762e-01 9.428720e-07 6.022496e-07 7.394487e-07
5590 3.411865e-01 9.089685e-07 5.733877e-07 6.887188e-07
5600 3.417969e-01 8.775387e-07 5.443851e-07 6.389721e-07
5610 3.424072e-01 8.484831e-07 5.153911e-07 5.904478e-07
5620 3.430176e-01 8.216854e-07 4.865520e-07 5.433864e-07
5630 3.436279e-01 7.970041e-07 4.580105e-07 4.980346e-07
5640 3.442383e-01 7.742873e-07 4.299065e-07 4.546509e-07
5650 3.448486e-01 7.533688e-07 4.023775e-07 4.135125e-07
5660 3.454590e-01 7.340748e-07 3.755599e-07 3.749238e-07
5670 3.460693e-01 7.162245e-07 3.495896e-07 3.392252e-07
5680 3.466797e-01 6.996408e-07 3.246031e-07 3.068000e-07
5690 3.472900e-01 6.841446e-07 3.007396e-07 2.780741e-07
5700 3.479004e-01 6.695682e-07 2.781411e-07 2.534994e-07
5710 3.485107e-01 6.557494e-07 2.569542e-07 2.335085e-07
5720 3.491211e-01 6.425381e-07 2.373296e-07 2.184321e-07
5730 3.497314e-01 6.297971e-07 2.194203e-07 2.083886e-07
5740 3.503418e-01 6.174032e-07 2.033768e-07 2.031882e-07
5750 3.509521e-01 6.052473e-07 1.893388e-07 2.023114e-07
5760 3.515625e-01 5.932357e-07 1.774205e-07 2.049864e-07
5770 3.521729e-01 5.812878e-07 1.676926e-07 2.103304e-07
5780 3.527832e-01 5.693379e-07 1.601623e-07 2.174839e-07
5790 3.533936e-01 5.573330e-07 1.547571e-07 2.256970e-07
5800 3.540039e-01 5.452323e-07 1.513201e-07 2.343611e-07
5810 3.546143e-01 5.330067e-07 1.496185e-07 2.430063e-07
5820 3.552246e-01 5.206374e-07 1.493669e-07 2.512821e-07
5830 3.558350e-01 5.081143e-07 1.502560e-07 2.589341e-07
5840 3.564453e-01 4.954356e-07 1.519801e-07 2.657834e-07
5850 3.570557e-01 4.826080e-07 1.542575e-07 2.717074e-07
5860 3.576660e-01 4.696428e-07 1.568425e-07 2.766284e-07
5870 3.582764e-01 4.565582e-07 1.595293e-07 2.805015e-07
5880 3.588867e-01 4.433772e-07 1.621514e-07 2.833076e-07
5890 3.594971e-01 4.301239e-07 1.645779e-07 2.850470e-07
5900 3.601074e-01 4.168286e-07 1.667087e-07 2.857355e-07
5910 3.607178e-01 4.035229e-07 1.684700e-07 2.854003e-07
5920 3.613281e-01 3.902400e-07 1.698088e-07 2.840784e-07
5930 3.619385e-01 3.770161e-07 1.706898e-07 2.818129e-07
5940 3.625488e-01 3.638853e-07 1.710922e-07 2.786531e-07
5950 3.631592e-01 3.508843e-07 1.710062e-07 2.746521e-07
5960 3.637695e-01 3.380503e-07 1.704313e-07 2.698659e-07
5970 3.643799e-01 3.254159e-07 1.693746e-07 2.643528e-07
5980 3.649902e-01 3.130183e-07 1.678490e-07 2.581725e-07
5990 3.656006e-01 3.008914e-07 1.658720e-07 2.513852e-07
6000 3.662109e-01 2.890660e-07 1.634652e-07 2.440518e-07
6010 3.668213e-01 2.775739e-07 1.606529e-07 2.362326e-07
6020 3.674316e-01 2.664427e-07 1.574615e-07 2.279876e-07
6030 3.680420e-01 2.557005e-07 1.539195e-07 2.193759e-07
6040 3.686523e-01 2.453670e-07 1.500562e-07 2.104556e-07
6050 3.692627e-01 2.354673e-07 1.459020e-07 2.012833e-07
6060 3.698730e-01 2.260164e-07 1.414876e-07 1.919143e-07
6070 3.704834e-01 2.170281e-07 1.368442e-07 1.824024e-07
6080 3.710938e-01 2.085119e-07 1.320026e-07 1.727997e-07
6090 3.717041e-01 2.004760e-07 1.269939e-07 1.631568e-07
6100 3.723145e-01 1.929213e-07 1.218481e-07 1.535223e-07
6110 3.729248e-01 1.858448e-07 1.165955e-07 1.439441e-07
6120 3.735352e-01 1.792400e-07 1.112651e-07 1.344678e-07
6130 3.741455e-01 1.730985e-07 1.058859e-07 1.251389e-07
6140 3.747559e-01 1.674019e-07 1.004855e-07 1.160015e-07
6150 3.753662e-01 1.621312e-07 9.509137e-08 1.071000e-07
6160 3.759766e-01 1.572632e-07 8.973006e-08 9.847885e-08
6170 3.765869e-01 1.527735e-07 8.442725e-08 9.018403e-08
6180 3.771973e-01 1.486322e-07 7.920852e-08 8.226423e-08
6190 3.778076e-01 1.448106e-07 7.409849e-08 7.477114e-08
6200 3.784180e-01 1.412736e-07 6.912198e-08 6.776280e-08
6210 3.790283e-01 1.379924e-07 6.430323e-08 6.130342e-08
6220 3.796387e-01 1.349335e-07 5.966686e-08 5.546566e-08
6230 3.802490e-01 1.320653e-07 5.523791e-08 5.032954e-08
6240 3.808594e-01 1.293586e-07 5.104176e-08 4.597829e-08
6250 3.814697e-01 1.267854e-07 4.710486e-08 4.248891e-08
6260 3.820801e-01 1.243187e-07 4.345433e-08 3.991495e-08
6270 3.826904e-01 1.219352e-07 4.011767e-08 3.826644e-08
6280 3.833008e-01 1.196140e-07 3.712259e-08 3.749426e-08
6290 3.839111e-01 1.173356e-07 3.449482e-08 3.749034e-08
6300 3.845215e-01 1.150846e-07 3.225578e-08 3.810574e-08
6310 3.851318e-01 1.128473e-07 3.041968e-08 3.917677e-08
6320 3.857422e-01 1.106122e-07 2.898901e-08 4.054885e-08
6330 3.863525e-01 1.083711e-07 2.795218e-08 4.208919e-08
6340 3.869629e-01 1.061172e-07 2.728145e-08 4.369167e-08
6350 3.875732e-01 1.038456e-07 2.693499e-08 4.527479e-08
6360 3.881836e-01 1.015532e-07 2.686038e-08 4.677820e-08
6370 3.887939e-01 9.923938e-08 2.700039e-08 4.815833e-08
6380 3.894043e-01 9.690409e-08 2.729813e-08 4.938471e-08
6390 3.900146e-01 9.454874e-08 2.770101e-08 5.043676e-08
6400 3.906250e-01 9.217597e-08 2.816299e-08 5.130151e-08
6410 3.912354e-01 8.978924e-08 2.864554e-08 5.197188e-08
6420 3.918457e-01 8.739247e-08 2.911760e-08 5.244513e-08
6430 3.924561e-01 8.499135e-08 2.955473e-08 5.272202e-08
6440 3.930664e-01 8.259123e-08 2.993832e-08 5.280603e-08
6450 3.936768e-01 8.019762e-08 3.025459e-08 5.270246e-08
6460 3.942871e-01 7.781676e-08 3.049380e-08 5.241857e-08
6470 3.948975e-01 7.545420e-08 3.064944e-08 5.196255e-08
6480 3.955078e-01 7.311721e-08 3.071773e-08 5.134360e-08
6490 3.961182e-01 7.081377e-08 3.069677e-08 5.057164e-08
6500 3.967285e-01 6.854689e-08 3.058682e-08 4.965723e-08
6510 3.973389e-01 6.632533e-08 3.038896e-08 4.861093e-08
6520 3.979492e-01 6.415339e-08 3.010576e-08 4.744412e-08
6530 3.985596e-01 6.203827e-08 2.974056e-08 4.616774e-08
6540 3.991699e-01 5.998244e-08 2.929731e-08 4.479299e-08
6550 3.997803e-01 5.799446e-08 2.878057e-08 4.333116e-08
6560 4.003906e-01 5.607704e-08 2.819528e-08 4.179314e-08
6570 4.010010e-01 5.423337e-08 2.754664e-08 4.018986e-08
6580 4.016113e-01 5.246520e-08 2.684020e-08 3.853198e-08
6590 4.022217e-01 5.077803e-08 2.608168e-08 3.682986e-08
6600 4.028320e-01 4.917355e-08 2.527662e-08 3.509374e-08
6610 4.034424e-01 4.764949e-08 2.443105e-08 3.333333e-08
6620 4.040527e-01 4.620865e-08 2.355031e-08 3.155837e-08
6630 4.046631e-01 4.485083e-08 2.264055e-08 2.977796e-08
6640 4.052734e-01 4.357450e-08 2.170706e-08 2.800114e-08
6650 4.058838e-01 4.237829e-08 2.075582e-08 2.623664e-08
6660 4.064941e-01 4.125654e-08 1.979202e-08 2.449275e-08
6670 4.071045e-01 4.021117e-08 1.882108e-08 2.277796e-08
6680 4.077148e-01 3.923482e-08 1.784837e-08 2.110028e-08
6690 4.083252e-01 3.832375e-08 1.687896e-08 1.946805e-08
6700 4.089355e-01 3.747475e-08 1.591794e-08 1.788922e-08
6710 4.095459e-01 3.668290e-08 1.497024e-08 1.637263e-08
6720 4.101563e-01 3.594155e-08 1.404077e-08 1.492718e-08
6730 4.107666e-01 3.524681e-08 1.313436e-08 1.356264e-08
6740 4.113770e-01 3.459372e-08 1.225592e-08 1.228981e-08
6750 4.119873e-01 3.397655e-08 1.141029e-08 1.112085e-08
6760 4.125977e-01 3.339103e-08 1.060235e-08 1.006928e-08
6770 4.132080e-01 3.283258e-08 9.837212e-09 9.149869e-09
6780 4.138184e-01 3.229736e-08 9.119972e-09 8.377788e-09
6790 4.144287e-01 3.178045e-08 8.455819e-09 7.766331e-09
6800 4.150391e-01 3.127888e-08 7.850079e-09 7.323843e-09
6810 4.156494e-01 3.078922e-08 7.307660e-09 7.050297e-09
6820 4.162598e-01 3.030887e-08 6.833158e-09 6.934387e-09
6830 4.168701e-01 2.983503e-08 6.430299e-09 6.954554e-09
6840 4.174805e-01 2.936607e-08 6.100792e-09 7.082643e-09
6850 4.180908e-01 2.890012e-08 5.844853e-09 7.289089e-09
6860 4.187012e-01 2.843574e-08 5.659803e-09 7.545841e-09
6870 4.193115e-01 2.797221e-08 5.540343e-09 7.829765e-09
6880 4.199219e-01 2.750856e-08 5.478811e-09 8.122161e-09
6890 4.205322e-01 2.704433e-08 5.465972e-09 8.408840e-09
6900 4.211426e-01 2.657952e-08 5.491831e-09 8.679217e-09
6910 4.217529e-01 2.611436e-08 5.546363e-09 8.925862e-09
6920 4.223633e-01 2.564811e-08 5.620319e-09 9.143493e-09
6930 4.229736e-01 2.518226e-08 5.705579e-09 9.328715e-09
6940 4.235840e-01 2.471679e-08 5.795175e-09 9.479153e-09
6950 4.241943e-01 2.425208e-08 5.883442e-09 9.593748e-09
6960 4.248047e-01 2.378901e-08 5.965806e-09 9.672120e-09
6970 4.254150e-01 2.332885e-08 6.038881e-09 9.714520e-09
6980 4.260254e-01 2.287224e-08 6.099911e-09 9.721702e-09
6990 4.266357e-01 2.241941e-08 6.147003e-09 9.694563e-09
7000 4.272461e-01 2.197253e-08 6.178717e-09 9.634654e-09
7010 4.278564e-01 2.153077e-08 6.194426e-09 9.543290e-09
7020 4.284668e-01 2.109610e-08 6.193597e-09 9.422447e-09
7030 4.290771e-01 2.066942e-08 6.176012e-09 9.273778e-09
7040 4.296875e-01 2.025082e-08 6.141950e-09 9.099383e-09
7050 4.302979e-01 1.984107e-08 6.091799e-09 8.901191e-09
7060 4.309082e-01 1.944140e-08 6.026029e-09 8.681259e-09
7070 4.315186e-01 1.905231e-08 5.945298e-09 8.441656e-09
7080 4.321289e-01 1.867357e-08 5.850508e-09 8.184366e-09
7090 4.327393e-01 1.830630e-08 5.742444e-09 7.911589e-09
7100 4.333496e-01 1.795023e-08 5.621967e-09 7.625222e-09
7110 4.339600e-01 1.760592e-08 5.490244e-09 7.327357e-09
7120 4.345703e-01 1.727312e-08 5.348084e-09 7.019951e-09
7130 4.351807e-01 1.695230e-08 5.196710e-09 6.704929e-09
7140 4.357910e-01 1.664364e-08 5.037059e-09 6.383993e-09
7150 4.364014e-01 1.634626e-08 4.870169e-09 6.059226e-09
7160 4.370117e-01 1.605957e-08 4.697275e-09 5.732156e-09
7170 4.376221e-01 1.578499e-08 4.519042e-09 5.404654e-09
7180 4.382324e-01 1.552055e-08 4.336884e-09 5.078395e-09
7190 4.388428e-01 1.526654e-08 4.151563e-09 4.754821e-09
7200 4.394531e-01 1.502213e-08 3.964138e-09 4.435634e-09
7210 4.400635e-01 1.478691e-08 3.775729e-09 4.122429e-09
7220 4.406738e-01 1.456112e-08 3.586882e-09 3.816663e-09
7230 4.412842e-01 1.434324e-08 3.398863e-09 3.519884e-09
7240 4.418945e-01 1.413344e-08 3.212310e-09 3.233755e-09
7250 4.425049e-01 1.393050e-08 3.028243e-09 2.959908e-09
7260 4.431152e-01 1.373405e-08 2.847407e-09 2.700093e-09
7270 4.437256e-01 1.354372e-08 2.670499e-09 2.456216e-09
7280 4.443359e-01 1.335917e-08 2.498566e-09 2.230491e-09
7290 4.449463e-01 1.317926e-08 2.332092e-09 2.025172e-09
7300 4.455566e-01 1.300408e-08 2.172152e-09 1.842850e-09
7310 4.461670e-01 1.283320e-08 2.019325e-09 1.686395e-09
7320 4.467773e-01 1.266598e-08 1.874355e-09 1.558093e-09
7330 4.473877e-01 1.250178e-08 1.738147e-09 1.460008e-09
7340 4.479980e-01 1.234073e-08 1.611334e-09 1.392783e-09
7350 4.486084e-01 1.218255e-08 1.494719e-09 1.355442e-09
7360 4.492188e-01 1.202659e-08 1.389145e-09 1.344996e-09
7370 4.498291e-01 1.187285e-08 1.295131e-09 1.356973e-09
7380 4.504395e-01 1.172111e-08 1.213335e-09 1.386345e-09
7390 4.510498e-01 1.157112e-08 1.144025e-09 1.427761e-09
7400 4.516602e-01 1.142293e-08 1.087198e-09 1.476671e-09
7410 4.522705e-01 1.127615e-08 1.042779e-09 1.529219e-09
7420 4.528809e-01 1.113107e-08 1.009897e-09 1.582364e-09
7430 4.534912e-01 1.098720e-08 9.876210e-10 1.633693e-09
7440 4.541016e-01 1.084492e-08 9.744221e-10 1.681743e-09
7450 4.547119e-01 1.070386e-08 9.689774e-10 1.725177e-09
7460 4.553223e-01 1.056445e-08 9.693621e-10 1.762980e-09
7470 4.559326e-01 1.042635e-08 9.742525e-10 1.794784e-09
7480 4.565430e-01 1.028950e-08 9.819012e-10 1.820109e-09
7490 4.571533e-01 1.015410e-08 9.913347e-10 1.838996e-09
7500 4.577637e-01 1.002046e-08 1.001274e-09 1.851145e-09
7510 4.583740e-01 9.888185e-09 1.010966e-09 1.856875e-09
7520 4.589844e-01 9.757485e-09 1.019613e-09 1.856026e-09
7530 4.595947e-01 9.628545e-09 1.026737e-09 1.849095e-09
7540 4.602051e-01 9.500981e-09 1.031995e-09 1.836215e-09
7550 4.608154e-01 9.375323e-09 1.034962e-09 1.817591e-09
7560 4.614258e-01 9.251580e-09 1.035628e-09 1.793660e-09
7570 4.620361e-01 9.129491e-09 1.033774e-09 1.764856e-09
7580 4.626465e-01 9.009345e-09 1.029395e-09 1.731401e-09
7590 4.632568e-01 8.891030e-09 1.022537e-09 1.693547e-09
7600 4.638672e-01 8.774496e-09 1.013209e-09 1.651978e-09
7610 4.644775e-01 8.659875e-09 1.001476e-09 1.606790e-09
7620 4.650879e-01 8.547219e-09 9.875798e-10 1.558516e-09
7630 4.656982e-01 8.436539e-09 9.716334e-10 1.507604e-09
7640 4.663086e-01 8.327725e-09 9.537294e-10 1.454276e-09
7650 4.669189e-01 8.220643e-09 9.341305e-10 1.398955e-09
7660 4.675293e-01 8.115518e-09 9.128755e-10 1.341932e-09
7670 4.681396e-01 8.012352e-09 8.903139e-10 1.283885e-09
7680 4.687500e-01 7.910855e-09 8.665133e-10 1.224727e-09
7690 4.693604e-01 7.811206e-09 8.418383e-10 1.165058e-09
7700 4.699707e-01 7.713270e-09 8.163135e-10 1.105055e-09
7710 4.705811e-01 7.616793e-09 7.903388e-10 1.045246e-09
7720 4.711914e-01 7.522279e-09 7.639455e-10 9.857423e-10
7730 4.718018e-01 7.429314e-09 7.374660e-10 9.269673e-10
7740 4.724121e-01 7.337819e-09 7.110256e-10 8.691167e-10
7750 4.730225e-01 7.247622e-09 6.848692e-10 8.125431e-10
7760 4.736328e-01 7.159168e-09 6.591666e-10 7.575466e-10
7770 4.742432e-01 7.072026e-09 6.340938e-10 7.044466e-10
7780 4.748535e-01 6.986178e-09 6.098204e-10 6.533661e-10
7790 4.754639e-01 6.901593e-09 5.865871e-10 6.048154e-10
7800 4.760742e-01 6.818300e-09 5.644932e-10 5.590696e-10
7810 4.766846e-01 6.736168e-09 5.437060e-10 5.163401e-10
7820 4.772949e-01 6.655221e-09 5.243307e-10 4.770603e-10
7830 4.779053e-01 6.575471e-09 5.064944e-10 4.413843e-10
7840 4.785156e-01 6.496603e-09 4.901975e-10 4.098035e-10
7850 4.791260e-01 6.418828e-09 4.755372e-10 3.824942e-10
7860 4.797363e-01 6.342103e-09 4.625682e-10 3.596873e-10
7870 4.803467e-01 6.266264e-09 4.512683e-10 3.415083e-10
7880 4.809570e-01 6.191401e-09 4.415569e-10 3.278615e-10
7890 4.815674e-01 6.117416e-09 4.334112e-10 3.186757e-10
7900 4.821777e-01 6.044291e-09 4.266718e-10 3.132548e-10
7910 4.827881e-01 5.972057e-09 4.212758e-10 3.112851e-10
7920 4.833984e-01 5.900610e-09 4.170646e-10 3.120302e-10
7930 4.840088e-01 5.829962e-09 4.137713e-10 3.149034e-10
7940 4.846191e-01 5.760203e-09 4.114466e-10 3.193176e-10
7950 4.852295e-01 5.691196e-09 4.097465e-10 3.246024e-10
7960 4.858398e-01 5.622948e-09 4.086209e-10 3.303033e-10
7970 4.864502e-01 5.555531e-09 4.078845e-10 3.361704e-10
7980 4.870605e-01 5.488812e-09 4.074704e-10 3.417085e-10
7990 4.876709e-01 5.422924e-09 4.071066e-10 3.467106e-10
8000 4.882813e-01 5.357718e-09 4.067826e-10 3.511429e-10
8010 4.888916e-01 5.293261e-09 4.063533e-10 3.546223e-10
8020 4.895020e-01 5.229585e-09 4.058074e-10 3.573393e-10
8030 4.901123e-01 5.166588e-09 4.050499e-10 3.589628e-10
8040 4.907227e-01 5.104322e-09 4.040067e-10 3.596251e-10
8050 4.913330e-01 5.042779e-09 4.025913e-10 3.593576e-10
8060 4.919434e-01 4.982018e-09 4.008544e-10 3.580682e-10
8070 4.925537e-01 4.922055e-09 3.986910e-10 3.557695e-10
8080 4.931641e-01 4.862719e-09 3.961576e-10 3.525765e-10
8090 4.937744e-01 4.804037e-09 3.932583e-10 3.485395e-10
8100 4.943848e-01 4.746175e-09 3.899005e-10 3.436467e-10
8110 4.949951e-01 4.688944e-09 3.861952e-10 3.379283e-10
8120 4.956055e-01 4.632523e-09 3.820234e-10 3.315100e-10
8130 4.962158e-01 4.576658e-09 3.775285e-10 3.243951e-10
8140 4.968262e-01 4.521571e-09 3.726120e-10 3.166620e-10
8150 4.974365e-01 4.467137e-09 3.673781e-10 3.084410e-10
8160 4.980469e-01 4.413520e-09 3.618775e-10 2.997717e-10
8170 4.986572e-01 4.360595e-09 3.560285e-10 2.908018e-10
8180 4.992676e-01 4.308241e-09 3.499702e-10 2.814164e-10
8190 4.998779e-01 4.256577e-09 3.436401e-10 2.718155e-10
8200 5.004883e-01 4.205553e-09 3.371732e-10 2.619159e-10
8210 5.010986e-01 4.155217e-09 3.305550e-10 2.521595e-10
8220 5.017090e-01 4.105542e-09 3.237214e-10 2.422198e-10
8230 5.023193e-01 4.056470e-09 3.168373e-10 2.322948e-10
8240 5.029297e-01 4.008087e-09 3.099004e-10 2.225299e-10
8250 5.035400e-01 3.960273e-09 3.028360e-10 2.128370e-10
8260 5.041504e-01 3.913109e-09 2.958111e-10 2.034869e-10
8270 5.047607e-01 3.866495e-09 2.888489e-10 1.943386e-10
8280 5.053711e-01 3.820534e-09 2.818852e-10 1.855558e-10
8290 5.059814e-01 3.775131e-09 2.750367e-10 1.770932e-10
8300 5.065918e-01 3.730310e-09 2.682272e-10 1.691955e-10
8310 5.072021e-01 3.685983e-09 2.615238e-10 1.617672e-10
8320 5.078125e-01 3.642209e-09 2.550276e-10 1.548711e-10
8330 5.084229e-01 3.599049e-09 2.486551e-10 1.485299e-10
8340 5.090332e-01 3.556428e-09 2.424330e-10 1.428845e-10
8350 5.096436e-01 3.514346e-09 2.364525e-10 1.377127e-10
8360 5.102539e-01 3.472738e-09 2.305956e-10 1.332709e-10
8370 5.108643e-01 3.431691e-09 2.250139e-10 1.293917e-10
8380 5.114746e-01 3.391166e-09 2.196426e-10 1.261298e-10
8390 5.120850e-01 3.351135e-09 2.144694e-10 1.235435e-10
8400 5.126953e-01 3.311502e-09 2.095523e-10 1.213680e-10
8410 5.133057e-01 3.272446e-09 2.048520e-10 1.196864e-10
8420 5.139160e-01 3.233825e-09 2.004050e-10 1.185222e-10
8430 5.145264e-01 3.195663e-09 1.961866e-10 1.176347e-10
8440 5.151367e-01 3.157984e-09 1.921271e-10 1.170643e-10
8450 5.157471e-01 3.120725e-09 1.883412e-10 1.167682e-10
8460 5.163574e-01 3.083936e-09 1.847222e-10 1.166836e-10
8470 5.169678e-01 3.047572e-09 1.813554e-10 1.166964e-10
8480 5.175781e-01 3.011640e-09 1.781371e-10 1.167375e-10
8490 5.181885e-01 2.976164e-09 1.751207e-10 1.168899e-10
8500 5.187988e-01 2.941071e-09 1.722222e-10 1.169541e-10
8510 5.194092e-01 2.906460e-09 1.695650e-10 1.171144e-10
8520 5.200195e-01 2.872247e-09 1.670026e-10 1.171020e-10
8530 5.206299e-01 2.838454e-09 1.645682e-10 1.170441e-10
8540 5.212402e-01 2.804969e-09 1.622798e-10 1.169351e-10
8550 5.218506e-01 2.771953e-09 1.600594e-10 1.166118e-10
8560 5.224609e-01 2.739331e-09 1.579711e-10 1.162210e-10
8570 5.230713e-01 2.707125e-09 1.559802e-10 1.157597e-10
8580 5.236816e-01 2.675212e-09 1.540719e-10 1.150181e-10
8590 5.242920e-01 2.643738e-09 1.522009e-10 1.142643e-10
8600 5.249023e-01 2.612661e-09 1.504347e-10 1.132839e-10
8610 5.255127e-01 2.581876e-09 1.486904e-10 1.122852e-10
8620 5.261230e-01 2.551573e-09 1.469831e-10 1.111253e-10
8630 5.267334e-01 2.521511e-09 1.453313e-10 1.097482e-10
8640 5.273438e-01 2.491947e-09 1.437260e-10 1.084288e-10
8650 5.279541e-01 2.462628e-09 1.421565e-10 1.069227e-10
8660 5.285645e-01 2.433682e-09 1.406445e-10 1.053470e-10
8670 5.291748e-01 2.405093e-09 1.391033e-10 1.036700e-10
8680 5.297852e-01 2.376861e-09 1.376435e-10 1.019113e-10
8690 5.303955e-01 2.348896e-09 1.361916e-10 1.001335e-10
8700 5.310059e-01 2.321308e-09 1.347039e-10 9.826149e-11
8710 5.316162e-01 2.294077e-09 1.332837e-10 9.636825e-11
8720 5.322266e-01 2.267132e-09 1.318775e-10 9.445027e-11
8730 5.328369e-01 2.240476e-09 1.304910e-10 9.248833e-11
8740 5.334473e-01 2.214222e-09 1.291205e-10 9.057985e-11
8750 5.340576e-01 2.188234e-09 1.277898e-10 8.860909e-11
8760 5.346680e-01 2.162584e-09 1.264904e-10 8.667889e-11
8770 5.352783e-01 2.137171e-09 1.251421e-10 8.473346e-11
8780 5.358887e-01 2.112137e-09 1.238178e-10 8.282799e-11
8790 5.364990e-01 2.087346e-09 1.225366e-10 8.099800e-11
8800 5.371094e-01 2.062870e-09 1.213028e-10 7.914816e-11
8810 5.377197e-01 2.038684e-09 1.200593e-10 7.730593e-11
8820 5.383301e-01 2.014789e-09 1.188110e-10 7.558685e-11
8830 5.389404e-01 1.991179e-09 1.176307e-10 7.392811e-11
8840 5.395508e-01 1.967856e-09 1.164623e-10 7.229828e-11
8850 5.401611e-01 1.944775e-09 1.152553e-10 7.063804e-11
8860 5.407715e-01 1.922068e-09 1.141034e-10 6.921694e-11
8870 5.413818e-01 1.899526e-09 1.129488e-10 6.774733e-11
8880 5.419922e-01 1.877249e-09 1.118503e-10 6.634452e-11
8890 5.426025e-01 1.855226e-09 1.107086e-10 6.503594e-11
8900 5.432129e-01 1.833560e-09 1.095899e-10 6.377256e-11
8910 5.438232e-01 1.812008e-09 1.085499e-10 6.254008e-11
8920 5.444336e-01 1.790855e-09 1.074602e-10 6.141054e-11
8930 5.450439e-01 1.769880e-09 1.064113e-10 6.035031e-11
8940 5.456543e-01 1.749155e-09 1.053466e-10 5.931414e-11
8950 5.462646e-01 1.728678e-09 1.043094e-10 5.834685e-11
8960 5.468750e-01 1.708403e-09 1.032987e-10 5.742873e-11
8970 5.474854e-01 1.688427e-09 1.022601e-10 5.651937e-11
8980 5.480957e-01 1.668686e-09 1.012492e-10 5.572698e-11
8990 5.487061e-01 1.649147e-09 1.002328e-10 5.491472e-11
9000 5.493164e-01 1.629825e-09 9.925448e-11 5.412934e-11
9010 5.499268e-01 1.610718e-09 9.823686e-11 5.337863e-11
9020 5.505371e-01 1.591917e-09 9.728313e-11 5.268999e-11
9030 5.511475e-01 1.573286e-09 9.625579e-11 5.194960e-11
9040 5.517578e-01 1.554882e-09 9.527408e-11 5.132423e-11
9050 5.523682e-01 1.536706e-09 9.429913e-11 5.066673e-11
9060 5.529785e-01 1.518673e-09 9.333831e-11 5.008607e-11
9070 5.535889e-01 1.500943e-09 9.235073e-11 4.942759e-11
9080 5.541992e-01 1.483335e-09 9.135402e-11 4.879958e-11
9090 5.548096e-01 1.466021e-09 9.039635e-11 4.817985e-11
9100 5.554199e-01 1.448868e-09 8.942919e-11 4.763722e-11
9110 5.560303e-01 1.431966e-09 8.847530e-11 4.700646e-11
9120 5.566406e-01 1.415226e-09 8.749465e-11 4.647439e-11
9130 5.572510e-01 1.398659e-09 8.652357e-11 4.586795e-11
9140 5.578613e-01 1.382322e-09 8.553860e-11 4.533434e-11
9150 5.584717e-01 1.366103e-09 8.460272e-11 4.471028e-11
9160 5.590820e-01 1.350156e-09 8.367059e-11 4.421200e-11
9170 5.596924e-01 1.334374e-09 8.268130e-11 4.369575e-11
9180 5.603027e-01 1.318818e-09 8.170930e-11 4.314453e-11
9190 5.609131e-01 1.303387e-09 8.078362e-11 4.256689e-11
9200 5.615234e-01 1.288152e-09 7.981324e-11 4.200803e-11
9210 5.621338e-01 1.273121e-09 7.890627e-11 4.146157e-11
9220 5.627441e-01 1.258231e-09 7.795722e-11 4.091947e-11
9230 5.633545e-01 1.243559e-09 7.699428e-11 4.043153e-11
9240 5.639648e-01 1.229038e-09 7.605259e-11 3.993996e-11
9250 5.645752e-01 1.214699e-09 7.517119e-11 3.942982e-11
9260 5.651855e-01 1.200505e-09 7.420732e-11 3.886137e-11
9270 5.657959e-01 1.186468e-09 7.331110e-11 3.840306e-11
9280 5.664063e-01 1.172640e-09 7.239549e-11 3.792855e-11
9290 5.670166e-01 1.158935e-09 7.153525e-11 3.743018e-11
9300 5.676270e-01 1.145410e-09 7.064180e-11 3.694322e-11
9310 5.682373e-01 1.132013e-09 6.974749e-11 3.646562e-11
9320 5.688477e-01 1.118837e-09 6.887952e-11 3.605815e-11
9330 5.694580e-01 1.105789e-09 6.803523e-11 3.562163e-11
9340 5.700684e-01 1.092866e-09 6.714692e-11 3.513885e-11
9350 5.706787e-01 1.080188e-09 6.633499e-11 3.471284e-11
9360 5.712891e-01 1.067527e-09 6.549419e-11 3.434434e-11
9370 5.718994e-01 1.055086e-09 6.466452e-11 3.388254e-11
9380 5.725098e-01 1.042772e-09 6.384521e-11 3.351761e-11
9390 5.731201e-01 1.030646e-09 6.301742e-11 3.309257e-11
9400 5.737305e-01 1.018614e-09 6.223731e-11 3.266100e-11
9410 5.743408e-01 1.006738e-09 6.148019e-11 3.233043e-11
9420 5.749512e-01 9.950010e-10 6.071457e-11 3.201962e-11
9430 5.755615e-01 9.834316e-10 5.994497e-11 3.166845e-11
9440 5.761719e-01 9.719308e-10 5.917965e-11 3.126684e-11
9450 5.767822e-01 9.606596e-10 5.841365e-11 3.085243e-11
9460 5.773926e-01 9.494158e-10 5.769553e-11 3.057019e-11
9470 5.780029e-01 9.383915e-10 5.700950e-11 3.018632e-11
9480 5.786133e-01 9.274617e-10 5.628052e-11 2.986617e-11
9490 5.792236e-01 9.166803e-10 5.557439e-11 2.954354e-11
9500 5.798340e-01 9.059934e-10 5.486902e-11 2.921500e-11
9510 5.804443e-01 8.954305e-10 5.423685e-11 2.889070e-11
9520 5.810547e-01 8.850611e-10 5.357025e-11 2.859374e-11
9530 5.816650e-01 8.747486e-10 5.290927e-11 2.828899e-11
9540 5.822754e-01 8.645544e-10 5.228154e-11 2.798158e-11
9550 5.828857e-01 8.545124e-10 5.164599e-11 2.769477e-11
9560 5.834961e-01 8.445790e-10 5.099836e-11 2.736510e-11
9570 5.841064e-01 8.347089e-10 5.041654e-11 2.708066e-11
9580 5.847168e-01 8.250372e-10 4.977224e-11 2.675115e-11
9590 5.853271e-01 8.154637e-10 4.919765e-11 2.645985e-11
9600 5.859375e-01 8.059348e-10 4.858101e-11 2.614813e-11
9610 5.865479e-01 7.965062e-10 4.800904e-11 2.590146e-11
9620 5.871582e-01 7.872713e-10 4.740965e-11 2.560964e-11
9630 5.877686e-01 7.781675e-10 4.685749e-11 2.528369e-11
9640 5.883789e-01 7.690730e-10 4.633841e-11 2.503683e-11
9650 5.889893e-01 7.601505e-10 4.579356e-11 2.471712e-11
9660 5.895996e-01 7.513658e-10 4.526261e-11 2.442912e-11
9669 5.901489e-01 7.434694e-10 4.477458e-11 2.418912e-11
